59588
24463
58296
63746
63748
61048
63736
60396
63731
63741
61049
63743
63750
63745
63729
60384
63740
64830
61047
64817
63732
63724
64826
60388
63739
63749
60381
60393
63735
56838
64818
63728
63738
56701
56704
60382
64500
56841
56305
56300
63727
63725
60379
60395
64524
56700
56292
64824
56834
56296
64506
60392
60390
63726
56306
60394
57476
56837
63730
56709
56707
60386
60383
56302
64829
56290
56706
62243
62245
56291
56702
61045
56288
56297
63747
61046
57305
57470
56301
56699
56839
57467
64503
62254
65152
57469
57633
64823
64827
57477
64523
61555
62239
60380
60064
56298
60387
63744
60405
64504
57296
63163
57297
56826
57509
58014
56708
64832
57474
62244
64831
64820
62255
64510
62249
64836
65154
64825
57605
62247
63734
56836
62792
57873
57295
65788
62241
61558
57293
62242
56697
61569
56294
61559
64517
55704
60404
63737
56688
56303
56827
56694
57306
64501
57448
56703
58013
62238
56693
57652
57643
56304
64505
60044
56843
65137
57674
63170
56695
62799
62801
65765
57639
60389
60391
63176
56692
60729
64834
57612
56293
60186
57700
57440
64526
57613
61563
57622
61554
56844
57514
58000
60728
57604
64525
63733
57606
59426
57404
56287
60932
58075
64502
57783
57506
57294
57673
57302
57414
57292
57513